+1864.72864000 -7266.90136000
+1864.75456000 -7266.81599000
+1864.75569000 -7266.81267000
+1864.75615000 -7266.81083000
+1864.75622000 -7266.80935000
+1864.75605000 -7266.80788000
+1864.75563000 -7266.80654000
+1864.75491000 -7266.80544000
+1864.75406000 -7266.80463000
+1864.75272000 -7266.80397000
+1864.75147000 -7266.80366000
+1864.75033000 -7266.80376000
+1864.74926000 -7266.80412000
+1864.74821000 -7266.80483000
+1864.74737000 -7266.80570000
+1864.74627000 -7266.80710000
+1864.74001000 -7266.81535000
+1864.73912000 -7266.81642000
+1864.73823000 -7266.81742000
+1864.73747000 -7266.81814000
+1864.73651000 -7266.81895000
+1864.73553000 -7266.81973000
+1864.70625000 -7266.83950000
+1864.69151000 -7266.84926000
+1864.68685000 -7266.85229000
+1864.68418000 -7266.85405000
+1864.68055000 -7266.85629000
+1864.67374000 -7266.86036000
+1864.66701000 -7266.86437000
+1864.66042000 -7266.86833000
+1864.65673000 -7266.87042000
+1864.65399000 -7266.87188000
+1864.65113000 -7266.87325000
+1864.64790000 -7266.87463000
+1864.64459000 -7266.87597000
+1864.64087000 -7266.87735000
+1864.63749000 -7266.87859000
+1864.63433000 -7266.87958000
+1864.63104000 -7266.88049000
+1864.62828000 -7266.88118000
+1864.62581000 -7266.88181000
+1864.62291000 -7266.88263000
+1864.61981000 -7266.88353000
+1864.61566000 -7266.88474000
+1864.61217000 -7266.88589000
+1864.60599000 -7266.88782000
+1864.60175000 -7266.88910000
+1864.59858000 -7266.89000000
+1864.59433000 -7266.89121000
+1864.58907000 -7266.89254000
+1864.58584000 -7266.89330000
+1864.58197000 -7266.89410000
+1864.57250000 -7266.89598000
+1864.55853000 -7266.89893000
+1864.55056000 -7266.90051000
+1864.54929000 -7266.90097000
+1864.54778000 -7266.90162000
+1864.54632000 -7266.90268000
+1864.54504000 -7266.90389000
+1864.54377000 -7266.90536000
+1864.54271000 -7266.90675000
+1864.54190000 -7266.90819000
+1864.54113000 -7266.90974000
+1864.54034000 -7266.91159000
+1864.53984000 -7266.91334000
+1864.53970000 -7266.91462000
+1864.53952000 -7266.91675000
+1864.55811000 -7267.03720000
+1864.55864000 -7267.04110000
+1864.55920000 -7267.04308000
+1864.56008000 -7267.04465000
+1864.56127000 -7267.04592000
+1864.56248000 -7267.04683000
+1864.56385000 -7267.04769000
+1864.56545000 -7267.04813000
+1864.56690000 -7267.04826000
+1864.56843000 -7267.04797000
+1864.56960000 -7267.04735000
+1864.57095000 -7267.04638000
+1864.57235000 -7267.04523000
+1864.57344000 -7267.04399000
+1864.57443000 -7267.04275000
+1864.58364000 -7267.02750000
+1864.58553000 -7267.02413000
+1864.58637000 -7267.02243000
+1864.58707000 -7267.02062000
+1864.58762000 -7267.01886000
+1864.58811000 -7267.01698000
+1864.58847000 -7267.01516000
+1864.58863000 -7267.01343000
+1864.58873000 -7267.01154000
+1864.58867000 -7267.00809000
+1864.58842000 -7267.00559000
+1864.58083000 -7266.95941000
+1864.57897000 -7266.94737000
+1864.57866000 -7266.94437000
+1864.57851000 -7266.94229000
+1864.57844000 -7266.94016000
+1864.57856000 -7266.93796000
+1864.57887000 -7266.93585000
+1864.57939000 -7266.93369000
+1864.58003000 -7266.93167000
+1864.58075000 -7266.92990000
+1864.58167000 -7266.92799000
+1864.58281000 -7266.92597000
+1864.58397000 -7266.92422000
+1864.58520000 -7266.92268000
+1864.58649000 -7266.92137000
+1864.58792000 -7266.92013000
+1864.58962000 -7266.91883000
+1864.59156000 -7266.91763000
+1864.59327000 -7266.91673000
+1864.59559000 -7266.91568000
+1864.59787000 -7266.91477000
+1864.59999000 -7266.91413000
+1864.60187000 -7266.91346000
+1864.60349000 -7266.91285000
+1864.60708000 -7266.91125000
+1864.62121000 -7266.90509000
+1864.62741000 -7266.90242000
+1864.63366000 -7266.89991000
+1864.64036000 -7266.89724000
+1864.64711000 -7266.89483000
+1864.65057000 -7266.89346000
+1864.65314000 -7266.89244000
+1864.65494000 -7266.89167000
+1864.65679000 -7266.89065000
+1864.65815000 -7266.88982000
+1864.65989000 -7266.88860000
+1864.66204000 -7266.88696000
+1864.68333000 -7266.86991000
+1864.68938000 -7266.86501000
+1864.69122000 -7266.86363000
+1864.69296000 -7266.86268000
+1864.69462000 -7266.86215000
+1864.69608000 -7266.86189000
+1864.69761000 -7266.86176000
+1864.69927000 -7266.86182000
+1864.70076000 -7266.86205000
+1864.70235000 -7266.86237000
+1864.70366000 -7266.86285000
+1864.70526000 -7266.86370000
+1864.70647000 -7266.86455000
+1864.70773000 -7266.86564000
+1864.70896000 -7266.86702000
+1864.70988000 -7266.86836000
+1864.71089000 -7266.87004000
+1864.71166000 -7266.87175000
+1864.71217000 -7266.87359000
+1864.71252000 -7266.87534000
+1864.71275000 -7266.87743000
+1864.71277000 -7266.87925000
+1864.71271000 -7266.88074000
+1864.71244000 -7266.88221000
+1864.71214000 -7266.88340000
+1864.71172000 -7266.88485000
+1864.71119000 -7266.88653000
+1864.70338000 -7266.90823000
+1864.68956000 -7266.94515000
+1864.68858000 -7266.94722000
+1864.68777000 -7266.94891000
+1864.68695000 -7266.95029000
+1864.68588000 -7266.95180000
+1864.68483000 -7266.95301000
+1864.68366000 -7266.95416000
+1864.68238000 -7266.95524000
+1864.68102000 -7266.95632000
+1864.67947000 -7266.95736000
+1864.67796000 -7266.95817000
+1864.67637000 -7266.95886000
+1864.67477000 -7266.95946000
+1864.67289000 -7266.95990000
+1864.67091000 -7266.96018000
+1864.66880000 -7266.96030000
+1864.66694000 -7266.96026000
+1864.66482000 -7266.95995000
+1864.66297000 -7266.95946000
+1864.66113000 -7266.95868000
+1864.65947000 -7266.95782000
+1864.65759000 -7266.95669000
+1864.65585000 -7266.95546000
+1864.65443000 -7266.95414000
+1864.65322000 -7266.95287000
+1864.65188000 -7266.95124000
+1864.65077000 -7266.94952000
+1864.64953000 -7266.94722000
+1864.64823000 -7266.94473000
+1864.64743000 -7266.94345000
+1864.64632000 -7266.94178000
+1864.64493000 -7266.94012000
+1864.64331000 -7266.93874000
+1864.64141000 -7266.93752000
+1864.63980000 -7266.93676000
+1864.63790000 -7266.93595000
+1864.63603000 -7266.93537000
+1864.63422000 -7266.93508000
+1864.63224000 -7266.93493000
+1864.63020000 -7266.93501000
+1864.62847000 -7266.93524000
+1864.62680000 -7266.93575000
+1864.62501000 -7266.93650000
+1864.62338000 -7266.93741000
+1864.62172000 -7266.93853000
+1864.61984000 -7266.94005000
+1864.61842000 -7266.94136000
+1864.61703000 -7266.94308000
+1864.61581000 -7266.94484000
+1864.61474000 -7266.94671000
+1864.61385000 -7266.94880000
+1864.61322000 -7266.95058000
+1864.61258000 -7266.95266000
+1864.61223000 -7266.95468000
+1864.61200000 -7266.95701000
+1864.61193000 -7266.95912000
+1864.61204000 -7266.96110000
+1864.61228000 -7266.96274000
+1864.61260000 -7266.96432000
+1864.61310000 -7266.96617000
+1864.61960000 -7266.98573000
+1864.62655000 -7267.00682000
+1864.62742000 -7267.00883000
+1864.62824000 -7267.01030000
+1864.62933000 -7267.01156000
+1864.63066000 -7267.01276000
+1864.63201000 -7267.01367000
+1864.63343000 -7267.01434000
+1864.63466000 -7267.01444000
+1864.63621000 -7267.01424000
+1864.63774000 -7267.01379000
+1864.63898000 -7267.01324000
+1864.64026000 -7267.01242000
+1864.64923000 -7267.00655000
+1864.67113000 -7266.99167000
+1864.67360000 -7266.99027000
+1864.67579000 -7266.98920000
+1864.67828000 -7266.98789000
+1864.68021000 -7266.98676000
+1864.68228000 -7266.98548000
+1864.68419000 -7266.98422000
+1864.68590000 -7266.98295000
+1864.68776000 -7266.98155000
+1864.68932000 -7266.98020000
+1864.69179000 -7266.97815000
+1864.69398000 -7266.97609000
+1864.69578000 -7266.97425000
+1864.69776000 -7266.97205000
+1864.69961000 -7266.96993000
+1864.70138000 -7266.96792000
+1864.70306000 -7266.96589000
+1864.70451000 -7266.96394000
+1864.70580000 -7266.96215000
+1864.70708000 -7266.96034000
+1864.70834000 -7266.95843000
+1864.70954000 -7266.95637000
+1864.71073000 -7266.95431000
+1864.71189000 -7266.95203000
+1864.71304000 -7266.94966000
+1864.71422000 -7266.94684000
+1864.71518000 -7266.94451000
+1864.71609000 -7266.94186000
+1864.72868000 -7266.90141000
+1864.73454000 -7266.90362000
+1864.74255000 -7266.87679000
+1864.75718000 -7266.82867000
+1864.76333000 -7266.80703000
+1864.76356000 -7266.80591000
+1864.76368000 -7266.80469000
+1864.76363000 -7266.80333000
+1864.76330000 -7266.80177000
+1864.76285000 -7266.80016000
+1864.76228000 -7266.79886000
+1864.76155000 -7266.79755000
+1864.76052000 -7266.79625000
+1864.75951000 -7266.79525000
+1864.75847000 -7266.79457000
+1864.75756000 -7266.79416000
+1864.75647000 -7266.79384000
+1864.75513000 -7266.79368000
+1864.75377000 -7266.79367000
+1864.75274000 -7266.79375000
+1864.75169000 -7266.79397000
+1864.75057000 -7266.79449000
+1864.74966000 -7266.79505000
+1864.74883000 -7266.79584000
+1864.74749000 -7266.79761000
+1864.73615000 -7266.81247000
+1864.73492000 -7266.81387000
+1864.73378000 -7266.81510000
+1864.73250000 -7266.81622000
+1864.73078000 -7266.81753000
+1864.71168000 -7266.83142000
+1864.65705000 -7266.86448000
+1864.65450000 -7266.86595000
+1864.65244000 -7266.86697000
+1864.64984000 -7266.86824000
+1864.64719000 -7266.86948000
+1864.64444000 -7266.87068000
+1864.64206000 -7266.87166000
+1864.63921000 -7266.87272000
+1864.63636000 -7266.87374000
+1864.63401000 -7266.87450000
+1864.63118000 -7266.87535000
+1864.62847000 -7266.87602000
+1864.62602000 -7266.87664000
+1864.62298000 -7266.87743000
+1864.62020000 -7266.87816000
+1864.61715000 -7266.87899000
+1864.61403000 -7266.87987000
+1864.61120000 -7266.88074000
+1864.60862000 -7266.88157000
+1864.60575000 -7266.88250000
+1864.60311000 -7266.88329000
+1864.60087000 -7266.88388000
+1864.59844000 -7266.88451000
+1864.59588000 -7266.88522000
+1864.59307000 -7266.88592000
+1864.59025000 -7266.88657000
+1864.58720000 -7266.88731000
+1864.58410000 -7266.88807000
+1864.58141000 -7266.88869000
+1864.57923000 -7266.88917000
+1864.57671000 -7266.88976000
+1864.57020000 -7266.89097000
+1864.56476000 -7266.89217000
+1864.55909000 -7266.89324000
+1864.55069000 -7266.89532000
+1864.54446000 -7266.89699000
+1864.54252000 -7266.89775000
+1864.54124000 -7266.89851000
+1864.54014000 -7266.89929000
+1864.53906000 -7266.90023000
+1864.53815000 -7266.90119000
+1864.53744000 -7266.90212000
+1864.53674000 -7266.90314000
+1864.53595000 -7266.90465000
+1864.53549000 -7266.90595000
+1864.53511000 -7266.90749000
+1864.53483000 -7266.90926000
+1864.53475000 -7266.91065000
+1864.53474000 -7266.91275000
+1864.53471000 -7266.91432000
+1864.53495000 -7266.91651000
+1864.53537000 -7266.91916000
+1864.54005000 -7266.94965000
+1864.54695000 -7266.99561000
+1864.55495000 -7267.04607000
+1864.55535000 -7267.04790000
+1864.55579000 -7267.04968000
+1864.55646000 -7267.05121000
+1864.55747000 -7267.05271000
+1864.55839000 -7267.05365000
+1864.55952000 -7267.05465000
+1864.56073000 -7267.05555000
+1864.56189000 -7267.05617000
+1864.56306000 -7267.05653000
+1864.56455000 -7267.05672000
+1864.56625000 -7267.05670000
+1864.56781000 -7267.05638000
+1864.56935000 -7267.05585000
+1864.57064000 -7267.05517000
+1864.57201000 -7267.05413000
+1864.57327000 -7267.05258000
+1864.57437000 -7267.05098000
+1864.58573000 -7267.03262000
+1864.58756000 -7267.02938000
+1864.58870000 -7267.02729000
+1864.58973000 -7267.02506000
+1864.59072000 -7267.02287000
+1864.59142000 -7267.02080000
+1864.59192000 -7267.01892000
+1864.59229000 -7267.01680000
+1864.59256000 -7267.01475000
+1864.59274000 -7267.01241000
+1864.59288000 -7267.00993000
+1864.59286000 -7267.00715000
+1864.59260000 -7267.00473000
+1864.58816000 -7266.97697000
+1864.58314000 -7266.94497000
+1864.58296000 -7266.94237000
+1864.58295000 -7266.94006000
+1864.58309000 -7266.93818000
+1864.58340000 -7266.93638000
+1864.58393000 -7266.93461000
+1864.58443000 -7266.93315000
+1864.58520000 -7266.93144000
+1864.58599000 -7266.93001000
+1864.58698000 -7266.92841000
+1864.58805000 -7266.92696000
+1864.58935000 -7266.92561000
+1864.59050000 -7266.92462000
+1864.59176000 -7266.92371000
+1864.59342000 -7266.92261000
+1864.59491000 -7266.92170000
+1864.59627000 -7266.92107000
+1864.59761000 -7266.92056000
+1864.59938000 -7266.91998000
+1864.64088000 -7266.90237000
+1864.65587000 -7266.89673000
+1864.65725000 -7266.89615000
+1864.65840000 -7266.89561000
+1864.65957000 -7266.89501000
+1864.66056000 -7266.89438000
+1864.66168000 -7266.89360000
+1864.66404000 -7266.89167000
+1864.67665000 -7266.88160000
+1864.69328000 -7266.86835000
+1864.69425000 -7266.86777000
+1864.69528000 -7266.86732000
+1864.69620000 -7266.86692000
+1864.69715000 -7266.86663000
+1864.69818000 -7266.86655000
+1864.69925000 -7266.86659000
+1864.70048000 -7266.86673000
+1864.70160000 -7266.86704000
+1864.70282000 -7266.86765000
+1864.70384000 -7266.86835000
+1864.70497000 -7266.86938000
+1864.70599000 -7266.87057000
+1864.70675000 -7266.87165000
+1864.70734000 -7266.87271000
+1864.70786000 -7266.87385000
+1864.70828000 -7266.87511000
+1864.70848000 -7266.87640000
+1864.70856000 -7266.87753000
+1864.70853000 -7266.87901000
+1864.70836000 -7266.88040000
+1864.70819000 -7266.88154000
+1864.70789000 -7266.88277000
+1864.70735000 -7266.88438000
+1864.69484000 -7266.91818000
+1864.68535000 -7266.94371000
+1864.68470000 -7266.94512000
+1864.68405000 -7266.94637000
+1864.68330000 -7266.94754000
+1864.68237000 -7266.94869000
+1864.68151000 -7266.94969000
+1864.68049000 -7266.95072000
+1864.67941000 -7266.95166000
+1864.67825000 -7266.95256000
+1864.67706000 -7266.95329000
+1864.67577000 -7266.95393000
+1864.67444000 -7266.95445000
+1864.67304000 -7266.95488000
+1864.67167000 -7266.95518000
+1864.67034000 -7266.95531000
+1864.66890000 -7266.95535000
+1864.66748000 -7266.95528000
+1864.66600000 -7266.95501000
+1864.66460000 -7266.95465000
+1864.66327000 -7266.95415000
+1864.66182000 -7266.95356000
+1864.66048000 -7266.95288000
+1864.65920000 -7266.95206000
+1864.65829000 -7266.95134000
+1864.65738000 -7266.95044000
+1864.65652000 -7266.94949000
+1864.65562000 -7266.94823000
+1864.65489000 -7266.94706000
+1864.65429000 -7266.94595000
+1864.65370000 -7266.94474000
+1864.65306000 -7266.94344000
+1864.65223000 -7266.94204000
+1864.65149000 -7266.94084000
+1864.65080000 -7266.93991000
+1864.65002000 -7266.93893000
+1864.64892000 -7266.93760000
+1864.64779000 -7266.93644000
+1864.64642000 -7266.93533000
+1864.64505000 -7266.93434000
+1864.64345000 -7266.93322000
+1864.64177000 -7266.93221000
+1864.63994000 -7266.93137000
+1864.63857000 -7266.93084000
+1864.63713000 -7266.93037000
+1864.63522000 -7266.92996000
+1864.63340000 -7266.92971000
+1864.63183000 -7266.92959000
+1864.63013000 -7266.92957000
+1864.62898000 -7266.92971000
+1864.62726000 -7266.93008000
+1864.62582000 -7266.93046000
+1864.62439000 -7266.93095000
+1864.62290000 -7266.93158000
+1864.62156000 -7266.93227000
+1864.62025000 -7266.93314000
+1864.61898000 -7266.93409000
+1864.61778000 -7266.93499000
+1864.61653000 -7266.93615000
+1864.61548000 -7266.93728000
+1864.61446000 -7266.93851000
+1864.61330000 -7266.94001000
+1864.61215000 -7266.94161000
+1864.61122000 -7266.94317000
+1864.61045000 -7266.94470000
+1864.60970000 -7266.94641000
+1864.60908000 -7266.94813000
+1864.60860000 -7266.94987000
+1864.60818000 -7266.95192000
+1864.60792000 -7266.95367000
+1864.60778000 -7266.95538000
+1864.60769000 -7266.95744000
+1864.60767000 -7266.95954000
+1864.60778000 -7266.96121000
+1864.60794000 -7266.96319000
+1864.60818000 -7266.96500000
+1864.60849000 -7266.96647000
+1864.60885000 -7266.96796000
+1864.60929000 -7266.96954000
+1864.60996000 -7266.97176000
+1864.62447000 -7267.01490000
+1864.62503000 -7267.01615000
+1864.62580000 -7267.01718000
+1864.62672000 -7267.01817000
+1864.62786000 -7267.01927000
+1864.62901000 -7267.02011000
+1864.63031000 -7267.02086000
+1864.63159000 -7267.02129000
+1864.63299000 -7267.02152000
+1864.63423000 -7267.02141000
+1864.63555000 -7267.02101000
+1864.63693000 -7267.02039000
+1864.63844000 -7267.01953000
+1864.64177000 -7267.01739000
+1864.64709000 -7267.01397000
+1864.67181000 -7266.99727000
+1864.67303000 -7266.99646000
+1864.67476000 -7266.99540000
+1864.67726000 -7266.99391000
+1864.67979000 -7266.99235000
+1864.68465000 -7266.98933000
+1864.68959000 -7266.98626000
+1864.69223000 -7266.98460000
+1864.69424000 -7266.98324000
+1864.69573000 -7266.98213000
+1864.69734000 -7266.98080000
+1864.69879000 -7266.97956000
+1864.70041000 -7266.97801000
+1864.70204000 -7266.97634000
+1864.70383000 -7266.97449000
+1864.70535000 -7266.97285000
+1864.70675000 -7266.97118000
+1864.70788000 -7266.96987000
+1864.70908000 -7266.96828000
+1864.71042000 -7266.96645000
+1864.71155000 -7266.96475000
+1864.71286000 -7266.96272000
+1864.71385000 -7266.96109000
+1864.71499000 -7266.95909000
+1864.71625000 -7266.95678000
+1864.71737000 -7266.95454000
+1864.71847000 -7266.95222000
+1864.71946000 -7266.95004000
+1864.72059000 -7266.94725000
+1864.72188000 -7266.94393000
+1864.72310000 -7266.94051000
+1864.72418000 -7266.93746000
+1864.73456000 -7266.90364000